2349
134666
3191
134598
60565
120514
114457
119695
126120
36998
38796
104749
120426
100412
103551
134597
3204
137959
134670
134624
137957
115881
982
230
134595
134599
63616
134618
134594
134633
134632
134631
134635
134629
134634
134581
134636
134637
6337
4918
63614
134622
134596
134620
923
134580
852
134585
866
134577
4208
134678
134578
134586
137949
134653
134589
2785
137952
2783
137954
63862
7444
4152
134583
248
134643
134575
134623
30210
811
134669
134621
134628
134658
134576
808
134644
134650
134588
134616
134657
134674
134645
134579
160579
1310
134574
6408
160578
819
134617
5404
134647
1880
134615
134614
165872
137968
134665
134608
134605
134648
4768
886
1738
146590
172537
7072
134642
134602
146591
134639
134609
134613
1498
6772
3758
134610
63620
137962
925
134641
134603
2151
967
7149
134673
977
4061
134625
160577
167189
134604
134671
134606
134655
134627
134619
134592
134607
134651
134667
134668
134591
134584
134672
134638
2439
134646
134664
163163
166107
115674
170038
16182
166095
123353
163486
57088
104938
59025
112067
122621
59901
166176
4807
165880
1791
33557
33555
141580
209
28
320
14
155
5305
80
221
157
3305
134626
134677
134675
146597
134587
148025
134640
134649
2015
1653
1638
208
148214
2120
820
60196
163251
918
63619
175470
